CSV FILE: Data Comparative, Dataset : Bitbrains w/o weights
Spearman
TOPSIS		DEA		ARAS	GRA		CHANGED_DEA
 [[ 1.          0.24        0.95130435  0.66521739  0.62608696]
 [ 0.24        1.          0.37217391  0.60434783 -0.34434783]
 [ 0.95130435  0.37217391  1.          0.76956522  0.58173913]
 [ 0.66521739  0.60434783  0.76956522  1.          0.25478261]
 [ 0.62608696 -0.34434783  0.58173913  0.25478261  1.        ]]

Kendall
  [[ 0.          0.19565217  0.84057971  0.52898551  0.48550725]
 [ 0.19565217  0.          0.3115942   0.49275362 -0.17391304]
 [ 0.84057971  0.3115942   0.          0.65942029  0.42753623]
 [ 0.52898551  0.49275362  0.65942029  0.          0.20289855]
 [ 0.48550725 -0.17391304  0.42753623  0.20289855  0.        ]]