CSV FILE : QWS_COMPARATIVE-COPY, DATASET: QWS - 500 ROWS with weights

SPEARMAN
DEA		ARAS		GRA	TOPSIS		CHANGED_DEA
 [[ 1.         -0.30672516  0.39125993  0.18731115  0.15546753]
 [-0.30672516  1.         -0.41948491 -0.10841659  0.13553104]
 [ 0.39125993 -0.41948491  1.          0.76384386  0.45357013]
 [ 0.18731115 -0.10841659  0.76384386  1.          0.63578923]
 [ 0.15546753  0.13553104  0.45357013  0.63578923  1.        ]]

KENDALL

  [[ 0.         -0.20979559  0.27514228  0.12796794  0.10767134]
 [-0.20979559  0.         -0.30016834 -0.05202405  0.09466934]
 [ 0.27514228 -0.30016834  0.          0.59393988  0.32046493]
 [ 0.12796794 -0.05202405  0.59393988  0.          0.45558317]
 [ 0.10767134  0.09466934  0.32046493  0.45558317  0.        ]]